# ウォッチ銘柄リスト
# 1行に1銘柄コード。# で始まる行とカラ行は無視されます。

1326
1357
1377
1419
1540
1570
1605
1662
1719
1801
1802
1803
1812
1820
1833
1835
1878
1888
1911
1925
1928
2168
2198
2267
2379
2413
2432
2501
2502
2503
256A
2585
2587
2593
2644
2767
2768
2802
285A
2914
3038
3048
3088
3092
3099
3110
3289
3436
3445
3465
3498
3563
3635
3663
3687
3697
3778
4041
4042
4043
4062
4063
4183
4188
4307
4318
4385
4443
4452
4475
4502
4503
4507
4519
4543
4559
4568
4578
4613
4661
4665
4684
4686
4704
4755
4776
4816
4887
4901
4902
4911
4967
4980
5016
5019
5020
5021
5108
5201
5253
5332
5334
5344
5401
5406
5631
5706
5711
5713
5726
5801
5802
5803
5857
5938
6098
6134
6146
6178
6254
6258
6269
6273
6278
6301
6315
6323
6324
6361
6367
6383
6460
6501
6503
6504
6508
6525
6526
6588
6590
6594
6613
6617
6645
6701
6702
6723
6724
6753
6758
6762
6779
6787
6807
6845
6857
6861
6871
6890
6914
6920
6941
6954
6963
6965
6966
6971
6976
6981
7011
7012
7013
7148
7201
7202
7203
7261
7267
7269
7270
7272
7366
7421
7433
7453
7550
7564
7581
7630
7733
7735
7741
7751
7762
7832
7936
7956
7974
8001
8002
8015
8031
8035
8058
8088
8136
8218
8227
8233
8267
8306
8308
8309
8316
8411
8473
8511
8591
8601
8630
8697
8750
8766
8795
8801
8802
8830
8876
9005
9020
9101
9104
9107
9364
9432
9433
9434
9468
9501
9502
9503
9504
9505
9506
9513
9531
9602
9603
9605
9684
9697
9735
9766
9843
9960
9983
9984
